,score,n_frames,min_coef
65,0.8823891196105462,6,1.0
44,0.8782764115899063,5,0.0
72,0.8746040524085765,7,0.6000000000000001
32,0.8737587677331969,3,1.0
39,0.8732374352896534,4,0.6000000000000001
55,0.8721316778179219,6,0.0
47,0.8712212256570588,5,0.30000000000000004
19,0.8700752437710492,2,0.8
18,0.8688029104770794,2,0.7000000000000001
33,0.8686413075768394,4,0.0
90,0.867824186284663,9,0.2
30,0.8676357096970632,3,0.8
75,0.8671809924971272,7,0.9
71,0.8667190148531608,7,0.5
31,0.8666476041612473,3,0.9
74,0.8662338417377884,7,0.8
27,0.8659800446196663,3,0.5
17,0.8659684746298453,2,0.6000000000000001
60,0.8654280608608079,6,0.5
73,0.8652111977208012,7,0.7000000000000001
70,0.8651370931566591,7,0.4
100,0.8650931270073684,10,0.1
34,0.8649327392685606,4,0.1
29,0.8635769174491472,3,0.7000000000000001
22,0.8633001248711294,3,0.0
16,0.8631835405139183,2,0.5
61,0.8631729894949414,6,0.6000000000000001
88,0.8630032898971264,9,0.0
26,0.8629918645105714,3,0.4
101,0.8627697890414586,10,0.2
48,0.8627187872131413,5,0.4
28,0.8626469502552692,3,0.6000000000000001
82,0.8625123507314167,8,0.5
63,0.8623170758150804,6,0.8
59,0.8622517650655783,6,0.4
80,0.8622252779212985,8,0.30000000000000004
25,0.8620641108483096,3,0.30000000000000004
81,0.8618333409966457,8,0.4
77,0.8615997446009966,8,0.0
85,0.8614944636889819,8,0.8
52,0.8614039891444556,5,0.8
36,0.8607019115046548,4,0.30000000000000004
46,0.8603874033874124,5,0.2
57,0.8603002161222738,6,0.2
78,0.8600488621641486,8,0.1
37,0.8599179687622147,4,0.4
49,0.859651930752346,5,0.5
45,0.8596217885795404,5,0.1
67,0.859483478392655,7,0.1
94,0.8594166663682195,9,0.6000000000000001
66,0.8592226890756303,7,0.0
87,0.8584971230545799,8,1.0
20,0.8583686065037428,2,0.9
51,0.8583449494767088,5,0.7000000000000001
84,0.8583170299467116,8,0.7000000000000001
42,0.858251784803039,4,0.9
15,0.8580533909620641,2,0.4
40,0.857969628114321,4,0.7000000000000001
69,0.8578903568543458,7,0.30000000000000004
23,0.8578487718897261,3,0.1
54,0.8577500529446833,5,1.0
98,0.8576141396821951,9,1.0
95,0.8575527569603306,9,0.7000000000000001
38,0.8574632541827963,4,0.5
76,0.8568307444424809,7,1.0
64,0.8566671677951392,6,0.9
97,0.8564587098633721,9,0.9
53,0.8563938379803698,5,0.9
35,0.856079757172103,4,0.2
58,0.8557262048099827,6,0.30000000000000004
106,0.8549985833672122,10,0.7000000000000001
91,0.8549323054612523,9,0.30000000000000004
108,0.854454647156323,10,0.9
21,0.853838249993929,2,1.0
109,0.8535392518283768,10,1.0
104,0.8534930619337683,10,0.5
43,0.8525828299835954,4,1.0
83,0.851847186430742,8,0.6000000000000001
79,0.8515301382603203,8,0.2
96,0.851401720830455,9,0.8
102,0.8511971436808381,10,0.30000000000000004
86,0.8510692901773472,8,0.9
99,0.8501791571866081,10,0.0
1,0.8496480202225838,1,1.0
62,0.8493285528793948,6,0.7000000000000001
68,0.848771749357954,7,0.2
107,0.848218262841694,10,0.8
41,0.8481973785009747,4,0.8
8,0.8477071670612009,1,1.0
50,0.8468428913562194,5,0.6000000000000001
89,0.8459390124877313,9,0.1
56,0.845701728607461,6,0.1
2,0.8455273785930901,1,1.0
103,0.8454319367311445,10,0.4
14,0.8453658019037802,2,0.30000000000000004
92,0.8443904811766412,9,0.4
24,0.8437190984504601,3,0.2
10,0.8433393294325742,1,1.0
6,0.8428006086079366,1,1.0
7,0.8427100808512409,1,1.0
105,0.8416535731372139,10,0.6000000000000001
93,0.8411663464082759,9,0.5
4,0.841018444755411,1,1.0
3,0.8397794902754574,1,1.0
5,0.8389575443481967,1,1.0
11,0.8388565208939858,2,0.0
0,0.8360539094478815,1,1.0
12,0.8316123068436306,2,0.1
13,0.8309562046858774,2,0.2
9,0.8292523992731808,1,1.0
