,score,n_frames,min_coef
32,0.8723632522550717,3,1.0
31,0.8722091914781871,3,0.9
65,0.8710325581169382,6,1.0
75,0.8707033369774912,7,0.9
64,0.8706437076001861,6,0.9
76,0.8703228257024251,7,1.0
73,0.8693976950213111,7,0.7000000000000001
74,0.8693579452557184,7,0.8
63,0.8690818227779481,6,0.8
30,0.869053087380521,3,0.8
29,0.8686694117582237,3,0.7000000000000001
67,0.8684099751881555,7,0.1
62,0.8683484805437814,6,0.7000000000000001
55,0.867873958707295,6,0.0
46,0.867873958707295,5,0.2
59,0.8676332090593043,6,0.4
61,0.8674776729676044,6,0.6000000000000001
58,0.8674699731308128,6,0.30000000000000004
77,0.8672407799600699,8,0.0
72,0.8669601604240758,7,0.6000000000000001
102,0.8665199828924974,10,0.30000000000000004
49,0.8664224494454673,5,0.5
48,0.866395223248207,5,0.4
68,0.8663705896416533,7,0.2
60,0.8663218623945654,6,0.5
93,0.866194208590413,9,0.5
81,0.8661249479327298,8,0.4
100,0.8659842767614856,10,0.1
79,0.8658545515618302,8,0.2
84,0.8658124590005203,8,0.7000000000000001
85,0.8657169738613097,8,0.8
94,0.8656105068867538,9,0.6000000000000001
71,0.8655818410999615,7,0.5
89,0.8655121140629234,9,0.1
51,0.8654867844490861,5,0.7000000000000001
50,0.8654867844490861,5,0.6000000000000001
92,0.865465948858264,9,0.4
57,0.8654490824072771,6,0.2
104,0.8653560614112898,10,0.5
83,0.865319631540331,8,0.6000000000000001
99,0.8652697955769841,10,0.0
70,0.8652262649754059,7,0.4
69,0.8651604340623527,7,0.30000000000000004
54,0.8650175454111709,5,1.0
91,0.8650060230345312,9,0.30000000000000004
90,0.8649384675944688,9,0.2
52,0.864816325933098,5,0.8
101,0.8647205006857958,10,0.2
82,0.8647182512153451,8,0.5
56,0.8647047122115777,6,0.1
53,0.8646067639181598,5,0.9
80,0.8645249473775719,8,0.30000000000000004
103,0.8644843348014396,10,0.4
96,0.8644480315719983,9,0.8
66,0.8643237604689862,7,0.0
88,0.86429887336484,9,0.0
98,0.86427854023986,9,1.0
38,0.8641773873798316,4,0.5
39,0.8641773873798316,4,0.6000000000000001
86,0.8641599615794178,8,0.9
95,0.8641247036345338,9,0.7000000000000001
17,0.8640841568444773,2,0.6000000000000001
16,0.8640841568444773,2,0.5
22,0.8640841568444773,3,0.0
18,0.8640841568444773,2,0.7000000000000001
19,0.8640841568444773,2,0.8
20,0.8640841568444773,2,0.9
23,0.8640841568444773,3,0.1
24,0.8640841568444773,3,0.2
25,0.8640841568444773,3,0.30000000000000004
47,0.8640828214171904,5,0.30000000000000004
78,0.8640619487168119,8,0.1
45,0.8639984461020005,5,0.1
33,0.8639783982418923,4,0.0
34,0.8639683334996467,4,0.1
26,0.8639683334996467,3,0.4
27,0.8639683334996467,3,0.5
28,0.8639683334996467,3,0.6000000000000001
105,0.8639379918230767,10,0.6000000000000001
97,0.8637247985799702,9,0.9
107,0.8635905439180649,10,0.8
21,0.8635457759775871,2,1.0
37,0.8634803169792533,4,0.4
36,0.8633251227986134,4,0.30000000000000004
106,0.8631671852840921,10,0.7000000000000001
35,0.8629976553545766,4,0.2
109,0.8629898568626617,10,1.0
44,0.8629213119942204,5,0.0
87,0.8626492909031123,8,1.0
40,0.8624780641841303,4,0.7000000000000001
41,0.8624305274089691,4,0.8
108,0.8617691573083356,10,0.9
42,0.8590563439056431,4,0.9
15,0.8574039111378037,2,0.4
43,0.8550902540457196,4,1.0
7,0.8409240910232807,1,1.0
2,0.8409240910232807,1,1.0
3,0.8409240910232807,1,1.0
4,0.8409240910232807,1,1.0
5,0.8409240910232807,1,1.0
6,0.8409240910232807,1,1.0
11,0.8409240910232807,2,0.0
8,0.8409240910232807,1,1.0
9,0.8409240910232807,1,1.0
10,0.8409240910232807,1,1.0
1,0.8409240910232807,1,1.0
12,0.8409240910232807,2,0.1
13,0.8409240910232807,2,0.2
14,0.8409240910232807,2,0.30000000000000004
0,0.8409240910232807,1,1.0
