,score,n_frames,min_coef
37,0.8753733113818525,4,0.4
29,0.8659463442821134,3,0.7000000000000001
22,0.8655191484032306,3,0.0
28,0.8643410633494636,3,0.6000000000000001
56,0.8641877235711043,6,0.1
35,0.8637646122544744,4,0.2
43,0.8633720691853032,4,1.0
44,0.8632073026392779,5,0.0
31,0.8620232032346673,3,0.9
18,0.861983882601263,2,0.7000000000000001
33,0.8560191792999827,4,0.0
6,0.8549358038382666,1,1.0
2,0.8548964733257176,1,1.0
24,0.8535919707920435,3,0.2
7,0.8534671034671035,1,1.0
26,0.8534407702496539,3,0.4
47,0.8530017082299379,5,0.30000000000000004
67,0.8527070513895009,7,0.1
80,0.8517516081229635,8,0.30000000000000004
21,0.8512790738187463,2,1.0
17,0.8499868382038525,2,0.6000000000000001
40,0.8488946199270124,4,0.7000000000000001
30,0.8488849762324122,3,0.8
50,0.8483263715557443,5,0.6000000000000001
55,0.8482629903625807,6,0.0
23,0.8470194145430012,3,0.1
75,0.8469372862046333,7,0.9
34,0.8464373272113279,4,0.1
27,0.8457760835130893,3,0.5
62,0.8457178538879943,6,0.7000000000000001
10,0.8457132770881686,1,1.0
36,0.8453758666802891,4,0.30000000000000004
14,0.8435171009201898,2,0.30000000000000004
19,0.841245689075891,2,0.8
41,0.8404976463201914,4,0.8
16,0.8393444956453916,2,0.5
4,0.8387274895533061,1,1.0
20,0.8385820847403849,2,0.9
15,0.8371329819180267,2,0.4
32,0.8361506548280092,3,1.0
65,0.8348966953549587,6,1.0
0,0.8346203477286931,1,1.0
9,0.8339404435525981,1,1.0
79,0.8328923895187815,8,0.2
11,0.8324827023540717,2,0.0
83,0.831662970998347,8,0.6000000000000001
77,0.8310300415715146,8,0.0
3,0.831023220613714,1,1.0
46,0.8304298494450786,5,0.2
1,0.8303889340775701,1,1.0
5,0.8299849823045964,1,1.0
54,0.8294788773583116,5,1.0
70,0.8292052522012426,7,0.4
38,0.8291845998025249,4,0.5
12,0.8282918089846187,2,0.1
8,0.8282772420555311,1,1.0
68,0.8282435140754648,7,0.2
66,0.8282079606962688,7,0.0
13,0.8279982729532769,2,0.2
45,0.8279177679249472,5,0.1
25,0.827769808386782,3,0.30000000000000004
39,0.8274187731130438,4,0.6000000000000001
59,0.8274043217962325,6,0.4
51,0.8269659705752448,5,0.7000000000000001
57,0.8248275846216385,6,0.2
88,0.8242613125178316,9,0.0
69,0.8241276657428166,7,0.30000000000000004
78,0.8218112313662331,8,0.1
52,0.8202843577647133,5,0.8
48,0.8202544184057856,5,0.4
71,0.8199233882304948,7,0.5
87,0.8153147231531757,8,1.0
104,0.8149160360288248,10,0.5
89,0.8143732797257142,9,0.1
49,0.8134580951488628,5,0.5
97,0.8128950388326208,9,0.9
60,0.812245584403397,6,0.5
91,0.8119171505719107,9,0.30000000000000004
42,0.8093670536657095,4,0.9
53,0.8090431788459693,5,0.9
98,0.8074595087869867,9,1.0
76,0.8073045505455271,7,1.0
86,0.807151577057304,8,0.9
58,0.8062589062020908,6,0.30000000000000004
64,0.805601248105317,6,0.9
95,0.804116005578847,9,0.7000000000000001
106,0.8019690461892491,10,0.7000000000000001
61,0.8017285828014927,6,0.6000000000000001
82,0.800425092377219,8,0.5
81,0.7999313434001808,8,0.4
73,0.7988289951726746,7,0.7000000000000001
103,0.7987681092179476,10,0.4
63,0.7982007265861844,6,0.8
102,0.7978400352794328,10,0.30000000000000004
72,0.7916571595288913,7,0.6000000000000001
92,0.7914238970441634,9,0.4
94,0.7910864329640188,9,0.6000000000000001
74,0.7894696870465056,7,0.8
99,0.7890881682953854,10,0.0
93,0.7844494749605646,9,0.5
109,0.7769637802857696,10,1.0
100,0.7767942618598518,10,0.1
90,0.7765295560274625,9,0.2
85,0.7749466869227677,8,0.8
101,0.7741848661707443,10,0.2
84,0.7737159766477812,8,0.7000000000000001
105,0.7614513298677436,10,0.6000000000000001
107,0.7611547174885851,10,0.8
108,0.7495320072239366,10,0.9
96,0.7478471488429798,9,0.8
